tree
version=v4
num_class=1
num_tree_per_iteration=1
label_index=0
max_feature_idx=17
objective=regression
feature_names=Column_0 Column_1 Column_2 Column_3 Column_4 Column_5 Column_6 Column_7 Column_8 Column_9 Column_10 Column_11 Column_12 Column_13 Column_14 Column_15 Column_16 Column_17
feature_infos=[0.0011037527593818985:1] [0.0009727626459143969:1] [0.0010493179433368311:1] [0.001006036217303823:1] [0.0009727626459143969:1] [0.0010405827263267431:1] [0.0011695906432748538:1] [0.0010214504596527069:1] [0.001006036217303823:1] [0.0009727626459143969:1] [0.0010235414534288639:1] [0.0009727626459143969:1] [0.003787878787878788:1] [0.001026694045174538:1] [0.5004863813229572:0.66666666666666663] [0.0009727626459143969:1] [0.0010214504596527069:1] [0.013530135301353014:1]
tree_sizes=1596 1592 1595 1592 1586 1581 1589 1597 1602 1582 1591 1586 1585 1589 1589 1565 1597 1592 1586 1607 1601 1588 1580 1595 1586 1576 1588 1597 1597 1599 1603 1602 1604 1597 1556 1576 1604 1591 1579 1563 1593 1551

Tree=0
num_leaves=15
num_cat=0
split_feature=15 1 0 9 3 3 9 5 2 1 0 14 10 14
split_gain=1815.32 448.292 317.361 143.034 133.871 127.994 122.224 87.5812 90.9334 85.0591 78.6651 74.2998 69.8532 67.7176
threshold=0.38441209328306108 0.048546750082640588 0.69935062196921793 0.31727241190676331 0.75145914949185266 0.82223729835670145 0.25820634187639507 0.8964558331883975 0.31671789987836046 0.23838507322614905 0.016982799952055618 0.50090991886073855 0.3362330306365805 0.50066357029882258
decision_type=2 2 2 2 2 2 2 2 2 2 2 2 2 2
left_child=1 3 7 10 -5 6 9 8 -2 -3 -1 -9 13 -4
right_child=2 5 12 4 -6 -7 -8 11 -10 -11 -12 -13 -14 -15
leaf_value=0.02328513647712703 -5.3688863112839207e-05 0.0068058531703482916 -0.0096477373976990681 0.0086753451691528594 0.00041720181295142316 -0.0005168874575909256 0.0017770567483877562 0.004721441406374322 -0.0023978467254869617 0.002383383680054931 0.01137449581777163 -0.00080681903146691085 -0.0033547787987835693 -0.0047460712898352679
leaf_weight=1803 61125 23976 7935 17370 6840 43565 140469 10465 128009 19894 5998 14498 134358 62906
leaf_count=1803 61125 23976 7935 17370 6840 43565 140469 10465 128009 19894 5998 14498 134358 62906
internal_value=-0.000584385 0.00269876 -0.00261955 0.00823941 0.00634219 0.00192053 0.00249656 -0.00127286 -0.00164025 0.00480037 0.0141273 0.00151074 -0.00402464 -0.00529511
internal_weight=679211 259915 419296 32011 24210 227904 184339 214097 189134 43870 7801 24963 205199 70841
internal_count=679211 259915 419296 32011 24210 227904 184339 214097 189134 43870 7801 24963 205199 70841
is_linear=0
shrinkage=1


Tree=1
num_leaves=15
num_cat=0
split_feature=15 15 0 8 9 15 7 10 5 8 3 13 15 5
split_gain=1678.15 438.326 289.025 166.501 153.866 84.9598 83.9536 78.7178 71.1851 68.5093 61.1069 58.716 58.367 57.9774
threshold=0.38441209328306108 0.040714540285617197 0.66772657419015669 0.43947747611102689 0.34396469428316567 0.23431652788709836 0.90820784269323684 0.22176161796671626 0.97385992275698163 0.86027670686025226 0.044384612320428195 0.19159491745774773 0.23431652788709836 0.91189767752214568
decision_type=2 2 2 2 2 2 2 2 2 2 2 2 2 2
left_child=1 4 13 5 -1 -3 11 -4 9 12 -10 -6 -5 -2
right_child=2 3 7 8 6 -7 -8 -9 10 -11 -12 -13 -14 -15
leaf_value=0.015594771712342637 -0.00078308627216575511 0.0054141229295627692 -0.0048494569502410918 0.0028689704014944299 0.0029062516785616829 0.0024504141049242565 -0.0016156221582392166 -0.0026193584151405088 0.027770315325553848 -0.00084206004054083149 0.0057680706534799682 0.00983876218494803 0.00041444242308026407 0.0020618028112975141
leaf_weight=7067 172691 53746 51108 56050 3975 43960 2476 175275 339 32381 4566 13187 42649 19981
leaf_count=7067 172691 53746 51108 56050 3975 43960 2476 175275 339 32381 4566 13187 42649 19981
internal_value=4.7374e-05 0.00319966 -0.00191142 0.00250619 0.00926808 0.00408069 0.00699133 -0.00312282 0.0013749 0.00115361 0.00728872 0.00823308 0.00180834 -0.000488058
internal_weight=679451 260396 419055 233691 26705 97706 19638 226383 135985 131080 4905 17162 98699 192672
internal_count=679451 260396 419055 233691 26705 97706 19638 226383 135985 131080 4905 17162 98699 192672
is_linear=0
shrinkage=0.05


Tree=2
num_leaves=15
num_cat=0
split_feature=1 1 0 8 9 3 0 17 1 13 8 9 14 2
split_gain=1476.25 331.164 299.499 164.466 108.662 101.594 89.9225 72.4382 64.6359 62.5915 61.1712 61.0777 75.7071 60.4179
threshold=0.37162768693289344 0.028728129407880918 0.69935062196921793 0.28972902837586273 0.34396469428316567 0.70006119951040402 0.084516199930401673 0.47121522094926355 0.8454612994731866 0.377038103677448 0.87967511456709424 0.41920886043586314 0.50111982223292306 0.17065357339927659
decision_type=2 2 2 2 2 2 2 2 2 2 2 2 2 2
left_child=1 4 13 -3 9 6 -5 -6 -4 -1 -7 12 -10 -2
right_child=2 3 8 5 7 10 -8 -9 11 -11 -12 -13 -14 -15
leaf_value=0.0074056315267380076 0.0013686834673348571 0.004711945845235703 -0.0022720129810506963 0.005626499682130387 0.0043115463818499842 0.00074689757874542751 0.0019185829220254849 0.011754069210079017 -0.007126309030839992 0.019882730538254498 -0.00350692637632154 -0.0029941482583699837 -0.0029639343021596338 -0.00088756650418654246
leaf_weight=1454 35238 62415 100661 19682 8341 43835 96619 5377 26818 3256 10470 59583 18433 187809
leaf_count=1454 35238 62415 100661 19682 8341 43835 96619 5377 26818 3256 10470 59583 18433 187809
internal_value=-1.53133e-05 0.00302607 -0.00179986 0.00251579 0.00947852 0.00171234 0.00254609 0.00722877 -0.00317697 0.016031 -7.32394e-05 -0.0040459 -0.00543077 -0.000531114
internal_weight=679991 251449 428542 233021 18428 170606 116301 13718 205495 4710 54305 104834 45251 223047
internal_count=679991 251449 428542 233021 18428 170606 116301 13718 205495 4710 54305 104834 45251 223047
is_linear=0
shrinkage=0.05


Tree=3
num_leaves=15
num_cat=0
split_feature=1 0 15 8 8 0 7 17 17 10 15 3 10 3
split_gain=1433.43 423.412 245.93 140.545 129.171 114.852 107.169 80.5752 73.4068 66.8838 66.6573 74.4707 62.5398 53.0379
threshold=0.25810642313136084 0.65993118058144429 0.044558867651471039 0.58491858361333693 0.77784237726098204 0.016982799952055618 0.62384790180088356 0.4684419776413164 0.47877793636426935 0.19094664259810382 0.52596237371991605 0.70006119951040402 0.69503996683698765 0.94650131865360265
decision_type=2 2 2 2 2 2 2 2 2 2 2 2 2 2
left_child=2 10 4 12 5 8 -6 -5 -1 -3 11 -2 13 -4
right_child=1 9 3 7 6 -7 -8 -9 -10 -11 -12 -13 -14 -15
leaf_value=0.012348346846247997 0.0012228438019135854 -0.0046293369227640713 0.0057959597400323451 -0.00010127684285258766 0.0074226012128211062 0.0080818142256614822 -0.0041255569121510845 0.0035226824637247093 0.02482703182210327 -0.0024816619269808545 -0.0010936009383340445 -0.00098857686677888447 0.0024432380153932131 -0.0011223369356631846
leaf_weight=3417 127248 44944 52063 38595 5121 15601 3306 25454 1799 187431 91528 54322 25781 2926
leaf_count=3417 127248 44944 52063 38595 5121 15601 3306 25454 1799 187431 91528 54322 25781 2926
internal_value=1.93351e-05 -0.00132825 0.00393267 0.00308812 0.00811498 0.0102293 0.00289214 0.00133894 0.0166522 -0.00289705 6.61978e-06 0.000561232 0.00447518 0.00542783
internal_weight=679536 505473 174063 144819 29244 20817 8427 64049 5216 232375 273098 181570 80770 54989
internal_count=679536 505473 174063 144819 29244 20817 8427 64049 5216 232375 273098 181570 80770 54989
is_linear=0
shrinkage=0.05


Tree=4
num_leaves=15
num_cat=0
split_feature=15 1 1 9 9 1 17 3 3 13 16 15 3 14
split_gain=1223.22 365.826 144.905 111.655 103.189 101.319 80.5449 62.252 59.9758 58.2807 56.3735 54.4629 46.0169 82.7405
threshold=0.51010493739887219 0.040754632608269115 0.23838507322614905 0.30512030233414594 0.39941678568999528 0.88025386663445537 0.52623385986760185 0.7552890071772248 0.85682573002591933 0.14394913141699778 0.93926239799121169 0.020530870070513709 0.80662609762396709 0.50058651046568603
decision_type=2 2 2 2 2 2 2 2 2 2 2 2 2 2
left_child=1 4 3 -3 10 12 9 -5 -4 -6 11 -1 -2 -14
right_child=5 2 8 7 6 -7 -8 -9 -10 -11 -12 -13 13 -15
leaf_value=0.018003986319352187 -0.0013434016093031584 0.0052117737310301698 0.001074128853303268 0.002746437632987007 -0.0030617689049023335 -0.0036826307629527428 0.011460709228026701 -0.00010434399239395384 -0.0014975654864728518 0.0052750287442826799 -0.0015525110893779331 0.0095806274168254817 0.0076204473848086917 -0.0035214856119366589
leaf_weight=3602 206072 36785 158373 71018 2576 82277 4443 26220 26459 11259 675 4107 1732 43885
leaf_count=3602 206072 36785 158373 71018 2576 82277 4443 26220 26459 11259 675 4107 1732 43885
internal_value=-1.59828e-06 0.00208409 0.00161363 0.00286537 0.00771039 -0.00215943 0.0056037 0.00197773 0.000705987 0.00372276 0.0123032 0.0135164 -0.00166149 -0.00309845
internal_weight=679483 345517 318855 134023 26662 333966 18278 97238 184832 13835 8384 7709 251689 45617
internal_count=679483 345517 318855 134023 26662 333966 18278 97238 184832 13835 8384 7709 251689 45617
is_linear=0
shrinkage=0.05


Tree=5
num_leaves=15
num_cat=0
split_feature=0 0 0 3 2 4 9 0 13 9 14 10 5 10
split_gain=1084.52 302.24 176.434 124.051 111.367 92.7534 104.501 72.7691 68.9943 60.3763 58.794 59.93 55.8885 54.3372
threshold=0.30081972720553657 0.70711541184339655 0.044744905509274985 0.68826890229400461 0.38054032816329592 0.7503346744204803 0.30144234103044182 0.0053633685809294793 0.14394913141699778 0.25820634187639507 0.50069979040567281 0.35967141792195778 0.95506265209962204 0.22176161796671626
decision_type=2 2 2 2 2 2 2 2 2 2 2 2 2 2
left_child=2 4 3 7 -2 6 -4 -1 -5 -9 12 -12 -11 -3
right_child=1 13 5 8 -6 -7 -8 9 -10 10 11 -13 -14 -15
leaf_value=0.019054013611108849 0.00097086955052702931 -0.0043252132937488513 0.0055602567642342587 -0.0049309781742827444 -0.001075876434863902 0.00055876349891905862 0.0022881463437707263 0.015134643750650899 0.0045467631600306811 0.011673419550379746 -0.0014604462996015803 0.0072348508544596429 0.040154214884199568 -0.0023548873657156808
leaf_weight=1676 111650 45205 33032 2477 164208 47863 93382 2599 8542 2330 2529 9155 186 154870
leaf_count=1676 111650 45205 33032 2477 164208 47863 93382 2599 8542 2330 2529 9155 186 154870
internal_value=-1.3693e-05 -0.00132055 0.00303863 0.00661501 -0.000247482 0.00243338 0.00314315 0.00911929 0.00241623 0.00812812 0.00684573 0.00535276 0.0137789 -0.00280006
internal_weight=679704 475933 203771 29494 275858 174277 126414 18475 11019 16799 14200 11684 2516 200075
internal_count=679704 475933 203771 29494 275858 174277 126414 18475 11019 16799 14200 11684 2516 200075
is_linear=0
shrinkage=0.05


Tree=6
num_leaves=15
num_cat=0
split_feature=15 1 8 8 1 17 0 8 9 14 14 0 0 14
split_gain=1040 292.442 145.645 135.129 100.633 87.3215 81.6387 71.9968 69.5596 79.0182 66.8304 65.804 57.153 60.9085
threshold=0.51010493739887219 0.068092086465481871 0.89563076245319251 0.34069584036387651 0.80188126258045977 0.47050404131118101 0.013063362856021435 0.48618148025562041 0.21870395086645619 0.50065574475404206 0.50086580151481541 0.2375834860003174 0.27308577530571099 0.50058105772087635
decision_type=2 2 2 2 2 2 2 2 2 2 2 2 2 2
left_child=1 2 5 11 -2 7 -7 -1 9 -6 -4 -3 13 -5
right_child=4 3 10 12 8 6 -8 -9 -10 -11 -12 -13 -14 -15
leaf_value=0.0077527343975990863 -0.0012525734855586266 0.0048492433282520198 0.0052018612561776055 0.0083887075698093443 -0.012197531375744289 0.019217724974015766 0.0083561052573731861 0.0022828512648114178 -0.002395603779361875 -0.0041965397694333799 -0.005498428178070479 0.0020415143758476008 -0.00019124241997785056 0.0012694291385934864
leaf_weight=11698 198438 29875 2351 3102 3466 1993 13110 12385 104044 28138 3847 69217 102922 95404
leaf_count=11698 198438 29875 2351 3102 3466 1993 13110 12385 104044 28138 3847 69217 102922 95404
internal_value=1.96355e-05 0.00194134 0.00568243 0.00137637 -0.00197005 0.00680891 0.00978941 0.00493977 -0.00301963 -0.00507401 -0.00143964 0.00288801 0.000632719 0.00149362
internal_weight=679990 345904 45384 300520 334086 39186 15103 24083 135648 31604 6198 99092 201428 98506
internal_count=679990 345904 45384 300520 334086 39186 15103 24083 135648 31604 6198 99092 201428 98506
is_linear=0
shrinkage=0.05


Tree=7
num_leaves=15
num_cat=0
split_feature=1 1 1 3 9 1 9 5 13 14 3 0 14 3
split_gain=947.306 270.996 143.898 103.94 113.1 93.2986 84.6996 74.7119 71.3274 92.5327 67.8058 60.6454 58.5401 53.4097
threshold=0.52504196484986221 0.24642854227381453 0.020554346434515428 0.8955517503805176 0.25820634187639507 0.81752349190368323 0.36789535193067807 0.90041933328644785 0.22672012961995389 0.50066357029882258 0.64037136852989196 0.044744905509274985 0.50058651046568603 0.73141689351221739
decision_type=2 2 2 2 2 2 2 2 2 2 2 2 2 2
left_child=1 2 6 4 -4 7 -1 -2 9 -6 -8 -3 -5 -13
right_child=5 11 3 12 8 -7 10 -9 -10 -11 -12 13 -14 -15
leaf_value=0.014922778280115512 -0.0016095149325842232 0.012624521971768596 0.0059577724009125411 0.016887187024025165 0.0091179251881273512 -0.0030377067690185288 0.0090244743394472839 0.0016768783380694107 0.0032382693239789099 -0.0009182491095334292 0.00027172633556808685 0.00091947906111279143 -0.001073293131030578 -0.00098458730799701037
leaf_weight=3509 179818 1022 30918 465 2568 124727 6082 19134 79278 21737 3478 138081 18650 50226
leaf_count=3509 179818 1022 30918 465 2568 124727 6082 19134 79278 21737 3478 138081 18650 50226
internal_value=-7.93462e-06 0.00177191 0.00324212 0.00281362 0.00330392 -0.00196558 0.00827882 -0.00129345 0.00251179 0.000142146 0.00584016 0.000477544 -0.000636378 0.000411619
internal_weight=679693 356014 166685 153616 134501 323679 13069 198952 103583 24305 9560 189329 19115 188307
internal_count=679693 356014 166685 153616 134501 323679 13069 198952 103583 24305 9560 189329 19115 188307
is_linear=0
shrinkage=0.05


Tree=8
num_leaves=15
num_cat=0
split_feature=15 0 15 8 8 17 0 9 11 5 2 17 15 9
split_gain=842.379 200.318 167.423 107.488 102.143 75.8314 73.9736 58.1633 56.2479 67.2186 57.5295 51.3099 45.9753 54.7646
threshold=0.3250670723374261 0.67556148939326521 0.052496719160104989 0.65247431860827543 0.47855351572893146 0.48153744338840349 0.016982799952055618 0.99789694825298547 0.72286983473748245 0.94697527558352312 0.29373152719971746 0.39477582846003906 0.84547783162460832 0.41920886043586314
decision_type=2 2 2 2 2 2 2 2 2 2 2 2 2 2
left_child=2 8 3 6 -4 7 -1 -5 10 -10 -2 -6 -3 -14
right_child=1 12 4 5 11 -7 -8 -9 9 -11 -12 -13 13 -15
leaf_value=0.014127776631592526 0.00081459972552000003 -0.0015798835622249715 0.0032662877126230605 0.00034830064881150665 -0.00099295835532890579 0.0075971421973873568 0.0066028702852738048 -0.037793361952546803 0.00058059484791077689 0.0063037880917996558 -0.0012203650242888382 0.0015783401481104034 -0.004336053895191024 -0.00202867201038574
leaf_weight=4102 48259 116784 84501 9630 26226 4866 16025 101 60475 5606 123897 74559 45159 59728
leaf_count=4102 48259 116784 84501 9630 26226 4866 16025 101 60475 5606 123897 74559 45159 59728
internal_value=3.67511e-05 -0.0011805 0.00258129 0.00576742 0.00198419 0.00250084 0.00813649 -4.75793e-05 -0.000173933 0.00106612 -0.000649921 0.000909244 -0.0022623 -0.00302211
internal_weight=679918 459908 220010 34724 185286 14597 20127 9731 238237 66081 172156 100785 221671 104887
internal_count=679918 459908 220010 34724 185286 14597 20127 9731 238237 66081 172156 100785 221671 104887
is_linear=0
shrinkage=0.05


Tree=9
num_leaves=15
num_cat=0
split_feature=0 0 8 0 2 17 0 5 14 8 10 14 9 4
split_gain=782.85 239.732 170.344 154.565 80.7842 79.7489 71.459 63.1527 71.1396 60.2716 59.385 59.1208 58.5144 96.2699
threshold=0.27714608920491279 0.69524884445877688 0.56513344774529539 0.044744905509274985 0.3843235621378967 0.4985141797258778 0.080528196635579197 0.97385992275698163 0.50138696522006787 0.87967511456709424 0.22176161796671626 0.50112739714884202 0.95074259245643711 0.033401374317696311
decision_type=2 2 2 2 2 2 2 2 2 2 2 2 2 2
left_child=2 4 3 -1 -2 7 12 9 -9 -4 11 -3 -7 -14
right_child=1 10 5 -5 -6 6 -8 8 -10 -11 -12 -13 13 -15
leaf_value=0.0099148697287967987 0.00092969549234319315 -0.0053634421147739485 0.0011248816386763558 0.0035621340436642474 -0.00078794826332482268 0.0061514418766297598 0.0018849817428328302 0.0097627397830794549 -0.0024607578635276583 -0.0020419291914791434 -0.0018726430879989532 -0.0017507424105451302 0.048895572742750477 0.010393288075101462
leaf_weight=10903 114736 27843 45650 78600 169703 7221 16261 3593 1780 22396 160894 19088 215 663
leaf_count=10903 114736 27843 45650 78600 169703 7221 16261 3593 1780 22396 160894 19088 215 663
internal_value=8.50585e-06 -0.00103826 0.00275989 0.00433601 -9.50912e-05 0.00131717 0.00379616 0.000494656 0.00571327 8.25883e-05 -0.00232912 -0.00389407 0.00763339 0.0198215
internal_weight=679546 492264 187282 89503 284439 97779 24360 73419 5373 68046 207825 46931 8099 878
internal_count=679546 492264 187282 89503 284439 97779 24360 73419 5373 68046 207825 46931 8099 878
is_linear=0
shrinkage=0.05


Tree=10
num_leaves=15
num_cat=0
split_feature=1 15 0 9 3 6 17 3 5 14 0 14 6 9
split_gain=639.304 160.623 125.363 116.259 78.0893 73.2845 71.7896 75.5412 65.568 61.5764 59.998 58.1351 53.3427 52.0744
threshold=0.38334310277452138 0.071862435293683691 0.66772657419015669 0.39536053530485243 0.70006119951040402 0.86616630993954424 0.46701902158754954 0.87231814455496781 0.8964558331883975 0.50058105772087635 0.02100255804615794 0.50099304963867597 0.51326743335220149 0.080435464862361777
decision_type=2 2 2 2 2 2 2 2 2 2 2 2 2 2
left_child=1 3 8 5 13 10 -5 -8 -2 -6 -1 12 -10 -3
right_child=2 4 -4 6 9 -7 7 -9 11 -11 -12 -13 -14 -15
leaf_value=0.016451044310137677 -0.00060208278990236518 0.0054314998987222444 -0.0019952357427724852 0.0009197870377857173 0.0091119916260602504 0.00015463850306030548 0.0067995020746713826 -0.007423386328655213 0.019502029325187048 -0.0003159058696893339 0.0079402416476445237 -0.00024597887450555136 0.0039771479263621297 0.0017519156258422612
leaf_weight=2582 170539 10352 226890 19189 1780 2422 12190 1011 583 64099 10459 11683 10860 135131
leaf_count=2582 170539 10352 226890 19189 1780 2422 12190 1011 583 64099 10459 11683 10860 135131
internal_value=6.1403e-06 0.00195924 -0.00119768 0.00457503 0.00136702 0.00814189 0.0028722 0.00571024 -0.000263294 -6.11713e-05 0.0096253 0.00223505 0.00476811 0.00201374
internal_weight=679770 259215 420555 47853 211362 15463 32390 13201 193665 65879 13041 23126 11443 145483
internal_count=679770 259215 420555 47853 211362 15463 32390 13201 193665 65879 13041 23126 11443 145483
is_linear=0
shrinkage=0.05


Tree=11
num_leaves=15
num_cat=0
split_feature=15 15 3 13 8 0 15 5 8 3 0 4 1 13
split_gain=621.835 205.316 102.61 96.5429 86.4279 68.3997 64.0709 63.215 57.3092 50.6506 46.678 46.3401 48.1427 42.9078
threshold=0.51010493739887219 0.052496719160104989 0.83366142876518579 0.22262128910783838 0.33669481959077413 0.22156275683926266 0.84547783162460832 0.96651718684310639 0.51774098787192091 0.16960325644504751 0.02100255804615794 0.48967523607213187 0.0090991886073853306 0.25851548297834065
decision_type=2 2 2 2 2 2 2 2 2 2 2 2 2 2
left_child=1 3 4 -1 5 -3 -2 13 10 -9 -5 12 -10 -6
right_child=6 2 -4 8 7 -7 -8 9 11 -11 -12 -13 -14 -15
leaf_value=0.00040955777471288316 -0.0011174969390017925 0.0050334239333714136 -0.00094602762641841475 0.014600821966565387 -0.00078932282798974411 0.0018704777857689219 -0.0026060561337998816 0.014146901376247328 0.016633713938688299 0.0031335860925520813 0.0073466052188226093 0.001525387225976592 0.0054710110320418844 0.0010849911053103371
leaf_weight=8376 227667 23642 54284 2936 40307 61702 105920 1459 1145 3670 9062 6992 6175 125942
leaf_count=8376 227667 23642 54284 2936 40307 61702 105920 1459 1145 3670 9062 6992 6175 125942
internal_value=-5.01312e-05 0.00143595 0.00102901 0.0050847 0.00144664 0.00274668 -0.00159014 0.000799235 0.00657307 0.00626644 0.00912177 0.00443646 0.00721709 0.000630564
internal_weight=679279 345692 311006 34686 256722 85344 333587 171378 26310 5129 11998 14312 7320 166249
internal_count=679279 345692 311006 34686 256722 85344 333587 171378 26310 5129 11998 14312 7320 166249
is_linear=0
shrinkage=0.05


Tree=12
num_leaves=15
num_cat=0
split_feature=15 0 8 4 8 10 14 8 2 3 15 4 14 13
split_gain=590.636 180.437 127.562 107.733 90.1103 67.3908 62.8373 62.2792 61.8253 60.9472 58.2074 55.0352 52.3559 47.3817
threshold=0.5179612419772931 0.076534856871201082 0.56513344774529539 0.35160248940449373 0.29761285367424811 0.19094664259810382 0.50104275400139187 0.844603061708325 0.93512481239203704 0.69215281153783836 0.24624946145288759 0.9976918630514291 0.50066006629418314 0.083871326030516349
decision_type=2 2 2 2 2 2 2 2 2 2 2 2 2 2
left_child=1 2 -1 6 9 11 8 -8 -4 -3 -6 12 -2 -5
right_child=5 4 3 13 10 -7 7 -9 -10 -11 -12 -13 -14 -15
leaf_value=0.0072636600933664907 -0.0071615459748542486 0.003124254017827404 0.0060031773862675355 -0.0064757472166255235 0.0013983467761978763 -0.001192935204125887 0.0071258588166389376 -0.0036492114407049325 0.016599401624742841 0.00028174169501701444 -0.00030244748264740638 0.014975143649067865 -0.0026054759981417514 0.00071955721691254783
leaf_weight=20024 7068 62298 5371 2692 83099 262605 2604 2765 1851 27044 127474 424 58456 15245
leaf_count=20024 7068 62298 5371 2692 83099 262605 2604 2765 1851 27044 127474 424 58456 15245
internal_value=-2.87545e-05 0.00139905 0.00416242 0.00212825 0.000933269 -0.00155179 0.00567344 0.00157677 0.00871899 0.00226382 0.000368742 -0.00298074 -0.00309693 -0.00036032
internal_weight=679020 350467 50552 30528 299915 328553 12591 5369 7222 89342 210573 65948 65524 17937
internal_count=679020 350467 50552 30528 299915 328553 12591 5369 7222 89342 210573 65948 65524 17937
is_linear=0
shrinkage=0.05


Tree=13
num_leaves=15
num_cat=0
split_feature=1 15 3 1 3 8 14 17 9 5 14 8 8 16
split_gain=495.704 152.324 94.641 85.914 75.9912 69.862 67.1015 59.4259 61.7065 54.1114 64.5024 52.0816 51.367 50.24
threshold=0.40719477255150116 0.052496719160104989 0.70418427299203723 0.72664864755698588 0.88002525252525265 0.43947747611102689 0.50058651046568603 0.46701902158754954 0.5414061584150679 0.93915846862614938 0.50119189680645537 0.96211608643949653 0.63669474088139377 0.82131404491494953
decision_type=2 2 2 2 2 2 2 2 2 2 2 2 2 2
left_child=1 4 5 13 7 -3 -4 8 -1 -7 -11 -8 -6 -2
right_child=3 2 6 -5 12 9 11 -9 -10 10 -12 -13 -14 -15
leaf_value=0.0071148807445941351 -0.00010330094089352218 0.0030209531091984557 0.0082238708709889332 -0.0019147648679768631 0.0039608610451216421 0.00065472148938971867 -0.00027628620843988638 0.0082688934968752209 0.00087172410687428995 0.010273641795469479 -0.00065244347978891297 -0.006662632174919309 -0.005465685622537934 -0.0021090253841324846
leaf_weight=7271 179518 71329 2235 186618 3047 89678 68697 13016 8686 3253 2310 3348 2749 37794
leaf_count=7271 179518 71329 2235 186618 3047 89678 68697 13016 8686 3253 2310 3348 2749 37794
internal_value=-1.23676e-05 0.00162245 0.00117585 -0.00112787 0.00471614 0.00183772 -0.000308376 0.00576164 0.00371649 0.000951556 0.00573666 -0.000573066 -0.00051008 -0.000452128
internal_weight=679549 275619 240850 403930 34769 166570 74280 28973 15957 95241 5563 72045 5796 217312
internal_count=679549 275619 240850 403930 34769 166570 74280 28973 15957 95241 5563 72045 5796 217312
is_linear=0
shrinkage=0.05


Tree=14
num_leaves=15
num_cat=0
split_feature=1 1 8 14 8 0 13 0 9 10 14 0 6 4
split_gain=460.694 136.89 105.064 80.6413 106.839 84.0859 77.7266 85.2106 57.8523 51.8892 72.6773 50.1534 49.1738 48.108
threshold=0.26225327879496174 0.62754138046409114 0.22280479927433655 0.50069300102581449 0.86027670686025226 0.02100255804615794 0.314014176712267 0.013063362856021435 0.66322802350072063 0.41510685150893356 0.5007168462465007 0.1317309721929055 0.46158847654296292 0.61972757598220907
decision_type=2 2 2 2 2 2 2 2 2 2 2 2 2 2
left_child=2 -2 -1 5 6 13 -5 -8 11 10 12 -9 -3 -4
right_child=1 9 3 4 -6 -7 7 8 -10 -11 -12 -13 -14 -15
leaf_value=0.0046486122295687146 4.9440382583827724e-05 -0.0076549275952973173 0.020316208198914044 -0.00034577045295143609 -0.0019553074691157561 0.0033834608118685112 0.012378983162331962 0.0056255056795502106 0.0004157808472659696 -0.00097613649796951486 -0.0018035358735609235 0.002078409429402019 -0.0027543844882999251 0.0038249219251764396
leaf_weight=34704 248574 9832 1219 29277 23588 20989 2219 16941 23182 143761 89449 24202 10679 694
leaf_count=34704 248574 9832 1219 29277 23588 20989 2219 16941 23182 143761 89449 24202 10679 694
internal_value=-1.15053e-05 -0.000784484 0.00218189 0.00158035 0.0010591 0.00429811 0.00180115 0.00274572 0.0024134 -0.00160149 -0.00241908 0.00353896 -0.00510347 0.0143335
internal_weight=679310 502295 177015 142311 119409 22902 95821 66544 64325 253721 109960 41143 20511 1913
internal_count=679310 502295 177015 142311 119409 22902 95821 66544 64325 253721 109960 41143 20511 1913
is_linear=0
shrinkage=0.05


Tree=15
num_leaves=15
num_cat=0
split_feature=0 14 1 8 0 14 17 14 17 14 14 17 14 8
split_gain=440.736 121.142 119.302 114.903 93.9474 76.5049 71.6512 75.4882 105.563 83.9332 67.7801 59.7158 76.0999 57.2543
threshold=0.30081972720553657 0.50058105772087635 0.80188126258045977 0.50955849082872173 0.044744905509274985 0.50057142931778531 0.39477582846003906 0.50069979040567281 0.41552190026191255 0.50059488420814235 0.50057636906755121 0.39636166291677505 0.50107874990690415 0.85634458460833918
decision_type=2 2 2 2 2 2 2 2 2 2 2 2 2 2
left_child=1 5 -2 4 -3 -1 -5 8 -8 -10 -7 12 -9 -13
right_child=2 3 -4 6 -6 10 7 11 9 -11 -12 13 -14 -15
leaf_value=0.0055146575279043644 -0.00032477788926305951 0.007872198109708144 -0.0020774653555569898 -0.0014328079388233096 0.0025457306838819289 0.028324772597181514 0.018652268383901147 0.04778975058465685 -0.0091746937738836267 0.0050067906249550605 0.0079263188135105956 0.0017768814146086227 0.002915432953430332 -0.0012020216816003571
leaf_weight=4443 340364 9293 135840 29337 75824 819 1282 153 1169 9707 810 44860 247 25186
leaf_count=4443 340364 9293 135840 29337 75824 819 1282 153 1169 9707 810 44860 247 25186
internal_value=7.03704e-06 0.001957 -0.000824742 0.00174267 0.00312727 0.00891303 0.000689849 0.00144371 0.00508208 0.0034825 0.0181819 0.000815784 0.0200799 0.000705776
internal_weight=679334 203130 476204 197058 85117 6072 111941 82604 12158 10876 1629 70446 400 70046
internal_count=679334 203130 476204 197058 85117 6072 111941 82604 12158 10876 1629 70446 400 70046
is_linear=0
shrinkage=0.05


Tree=16
num_leaves=15
num_cat=0
split_feature=1 0 3 1 5 2 14 10 14 3 6 5 14 9
split_gain=452.157 124.042 86.409 96.7181 60.7208 71.8501 64.335 56.0799 68.3371 58.8492 53.6438 52.6143 61.9431 49.1999
threshold=0.21869137906248579 0.66772657419015669 0.66051234415346471 0.028728129407880918 0.96651718684310639 0.25032175245351779 0.50207901106500696 0.43519150118740846 0.50066357029882258 0.86467688363618789 0.97050338534000602 0.96255678420969459 0.50108814057023787 0.31319295916611362
decision_type=2 2 2 2 2 2 2 2 2 2 2 2 2 2
left_child=2 4 3 -1 5 -2 10 8 -3 -10 -6 13 -13 -5
right_child=1 7 -4 11 6 -7 -8 -9 9 -11 -12 12 -14 -15
leaf_value=0.0076737614197166714 0.0012980293607619494 -0.0060519150787104571 0.00088868158031812352 0.0045994494454611179 0.0060451360582676689 -0.00055649850078417227 -0.0051475064523354682 -0.00082060224354409844 -0.0014744704465682217 -0.0054783088870493405 -0.0064783115691539137 0.018821155583628835 0.0020641917796261531 0.0018255203720568968
leaf_weight=11633 67971 11387 53507 22091 9674 225490 1858 125637 79051 10383 938 1100 1106 57833
leaf_count=11633 67971 11387 53507 22091 9674 225490 1858 125637 79051 10383 938 1100 1106 57833
internal_value=3.99027e-05 -0.000638382 0.00249194 0.00340685 1.82506e-05 -0.000126956 0.00343544 -0.00152545 -0.00240379 -0.0019393 0.00493818 0.00280248 0.0104199 0.00259223
internal_weight=679659 532389 147270 93763 305931 293461 12470 226458 100821 89434 10612 82130 2206 79924
internal_count=679659 532389 147270 93763 305931 293461 12470 226458 100821 89434 10612 82130 2206 79924
is_linear=0
shrinkage=0.05


Tree=17
num_leaves=15
num_cat=0
split_feature=15 1 13 9 14 3 14 3 14 14 9 3 5 11
split_gain=383.229 116.948 73.4331 77.607 72.4547 66.2634 57.6726 55.2184 59.582 55.7463 51.4556 47.0849 45.2094 50.5183
threshold=0.51404638283142967 0.095811680603550622 0.32967891483516493 0.51756972627579667 0.50064226102279974 0.79071400574862827 0.50058651046568603 0.73141689351221739 0.50057636906755121 0.50059066930892049 0.31319295916611362 0.012941992833599534 0.89269896329394249 0.70733720354252072
decision_type=2 2 2 2 2 2 2 2 2 2 2 2 2 2
left_child=1 2 4 11 -1 12 -7 8 -2 10 -9 -4 -3 -14
right_child=7 5 3 -5 -6 6 -8 9 -10 -11 -12 -13 13 -15
leaf_value=0.010605523492534977 -0.0057467717252531374 0.00089397871691706046 -0.01507157314461155 0.002174961485416853 -0.00013118472799591728 0.0079668851602556334 -0.0010190558827571142 -0.0053054929532789577 -0.00072540734461268145 -0.0025902040092586776 0.0076506963330523828 0.0067154232116438803 0.0014563763802712436 0.0068363433700654591
leaf_weight=1705 6057 204185 251 21495 20041 1841 59331 1098 239517 82225 2537 20651 11682 6965
leaf_count=1705 6057 204185 251 21495 20041 1841 59331 1098 239517 82225 2537 20651 11682 6965
internal_value=-1.39473e-05 0.00114455 0.00307284 0.00428445 0.000710629 0.000709043 -0.00074862 -0.00123087 -0.000849258 -0.00232233 0.00373711 0.0064538 0.0011092 0.00346589
internal_weight=679581 348147 64143 42397 21746 284004 61172 331434 245574 85860 3635 20902 222832 18647
internal_count=679581 348147 64143 42397 21746 284004 61172 331434 245574 85860 3635 20902 222832 18647
is_linear=0
shrinkage=0.05


Tree=18
num_leaves=15
num_cat=0
split_feature=1 3 0 14 14 13 3 14 14 0 5 9 5 9
split_gain=355.636 114.214 145.612 74.0159 73.8997 66.7198 58.9512 64.8906 58.1455 54.9973 49.0966 47.2662 46.2894 44.4989
threshold=0.52504196484986221 0.70006119951040402 0.084516199930401673 0.50069300102581449 0.50058651046568603 0.09204694547614542 0.81836947722721665 0.50058651046568603 0.50057636906755121 0.0053633685809294793 0.98185379762466052 0.38365136815654027 0.98958875303503302 0.59629650796023304
decision_type=2 2 2 2 2 2 2 2 2 2 2 2 2 2
left_child=1 2 3 10 -3 -5 8 13 -2 -7 -1 -11 -10 -8
right_child=6 4 -4 5 -6 9 7 -9 12 11 -12 -13 -14 -15
leaf_value=0.0089557821196761117 -0.0055351182828376998 0.0070087549727920438 0.0011527087958517312 -0.0028339480603390317 -0.00050446963102975927 0.015028294775575855 -0.00046592625274756872 -0.00306339973905276 -0.00087157097417894119 0.0072217143340029466 0.037652755441034545 0.0025470560843546095 0.0060730352812558355 0.013938537763439099
leaf_weight=5767 6669 3376 208786 3571 107148 1173 1248 53231 258619 7743 153 17927 2422 940
leaf_count=5767 6669 3376 208786 3571 107148 1173 1248 53231 258619 7743 153 17927 2422 940
internal_value=-3.15021e-05 0.00105941 0.00166109 0.00458237 -0.000274975 0.00358674 -0.00123219 -0.00271652 -0.000924917 0.0044409 0.00969744 0.0039571 -0.000807137 0.00572246
internal_weight=678773 355644 245120 36334 110524 30414 323129 55419 267710 26843 5920 25670 261041 2188
internal_count=678773 355644 245120 36334 110524 30414 323129 55419 267710 26843 5920 25670 261041 2188
is_linear=0
shrinkage=0.05


Tree=19
num_leaves=15
num_cat=0
split_feature=15 3 1 14 16 5 5 4 13 14 17 1 14 1
split_gain=297.402 100.778 113.272 63.9293 59.9359 46.7146 46.6931 46.8828 45.4063 49.563 45.5375 46.097 44.0874 41.8521
threshold=0.51404638283142967 0.66051234415346471 0.028728129407880918 0.50058105772087635 0.91507614979007768 0.98958875303503302 0.89269896329394249 0.20214199690313703 0.16763855831349883 0.50066357029882258 0.30567033976124891 0.24249561256373223 0.50110987928061113 0.88025386663445537
decision_type=2 2 2 2 2 2 2 2 2 2 2 2 2 2
left_child=1 2 -1 -3 -5 13 8 -8 9 -4 -10 -12 -9 -2
right_child=5 3 6 4 -6 -7 7 12 10 -11 11 -13 -14 -15
leaf_value=0.0064484625640011508 -0.00080410293244975717 0.0066515339145458699 0.0052739572359962079 5.2157345678735123e-05 -0.003727609845558125 0.0040583321010821804 0.010346701564102353 0.0052800758157963701 -0.002222850284125531 -0.0014768595459983846 0.0026383476827637423 0.00093185656892420549 -0.00013018137953892158 -0.0021145087623839496
leaf_weight=11700 245489 3384 3063 107073 11627 4398 2407 8337 7915 24198 69125 92568 6867 81049
leaf_count=11700 245489 3384 3063 107073 11627 4398 2407 8337 7915 24198 69125 92568 6867 81049
internal_value=1.28982e-05 0.00103281 0.00165769 -0.000124893 -0.000318082 -0.00106041 0.00139635 0.00386296 0.0011757 -0.000718349 0.00148013 0.00166139 0.00283649 -0.00112935
internal_weight=679200 348264 226180 122084 118700 330936 214480 17611 196869 27261 169608 161693 15204 326538
internal_count=679200 348264 226180 122084 118700 330936 214480 17611 196869 27261 169608 161693 15204 326538
is_linear=0
shrinkage=0.05


Tree=20
num_leaves=15
num_cat=0
split_feature=15 8 0 17 0 17 0 15 3 10 9 13 3 3
split_gain=259.473 114.014 114.771 96.2869 92.9612 58.4421 65.637 57.7336 53.1996 50.3027 49.739 46.0776 46.7501 45.6202
threshold=0.38441209328306108 0.60884760602805732 0.092603447527245905 0.50103602602228936 0.0053633685809294793 0.84947188703874699 0.028788489208633097 0.82227548719463373 0.9074242118706729 0.71028852897522476 0.41518121928486701 0.31000538213132406 0.0092299603734823637 0.54146903450601347
decision_type=2 2 2 2 2 2 2 2 2 2 2 2 2 2
left_child=1 2 9 -3 -5 6 -6 -2 -4 11 -9 -1 -13 -12
right_child=7 3 8 4 5 -7 -8 10 -10 -11 13 12 -14 -15
leaf_value=0.0023703773603661153 -0.00040284915198496031 -0.000853444563142757 0.0017779210395267682 0.026094614354085673 0.015433873339076087 -0.00038354902231224543 0.0033453275818728537 -0.0028611298294434272 -0.002013362146002437 0.0019617547001876674 0.00036665685256951573 -0.022406146322935819 0.0083132125600542273 -0.0022078590549113783
leaf_weight=4888 297421 81930 114412 415 1228 11681 13120 52245 10067 8919 37401 125 13470 31869
leaf_count=4888 297421 81930 114412 415 1228 11681 13120 52245 10067 8919 37401 125 13470 31869
internal_value=-7.75357e-06 0.00123217 0.00211619 -6.73769e-06 0.00261657 0.00224224 0.00437995 -0.000778029 0.00147131 0.00504567 -0.00169632 0.00653382 0.00803076 -0.000817799
internal_weight=679191 260255 151881 108374 26444 26029 14348 418936 124479 27402 121515 18483 13595 69270
internal_count=679191 260255 151881 108374 26444 26029 14348 418936 124479 27402 121515 18483 13595 69270
is_linear=0
shrinkage=0.05


Tree=21
num_leaves=15
num_cat=0
split_feature=1 15 4 9 2 11 5 3 14 1 13 14 1 6
split_gain=228.954 78.3393 77.5057 73.1064 63.3574 55.0416 60.6239 52.2116 51.0147 50.5495 48.4647 70.4485 38.7806 50.021
threshold=0.25428794294628937 0.7507676593069853 0.66285416976363909 0.30512030233414594 0.22228556949195491 0.69946683783438113 0.97385992275698163 0.0054163870461438049 0.50057636906755121 0.028728129407880918 0.083871326030516349 0.50067888693882379 0.0090991886073853306 0.7988309721209913
decision_type=2 2 2 2 2 2 2 2 2 2 2 2 2 2
left_child=2 4 3 7 -2 -6 -7 -1 -4 -9 11 -5 13 -12
right_child=1 -3 8 10 5 6 -8 9 -10 -11 12 -13 -14 -15
leaf_value=-0.029481309356448132 0.0011149647803027239 -0.0014585542704634218 0.0098227044833223316 0.010458968096564353 -0.00099819338888988761 0.00028856330699842243 0.0070997644264106964 0.011420461388211322 -0.00012656235812695462 0.0039448061714240628 0.0098974578672492569 -0.0044445521406211779 0.0017011060160119576 -0.021426836206336265
leaf_weight=113 77104 170640 1317 914 180938 75824 3414 2468 59346 27000 2278 5986 72113 135
leaf_count=113 77104 170640 1317 914 180938 75824 3414 2468 59346 27000 2278 5986 72113 135
internal_value=-5.20053e-05 -0.000585549 0.00152659 0.00231196 -0.000143869 -0.000516929 0.000582027 0.00444083 8.94373e-05 0.00457091 0.00153858 -0.00247038 0.00190974 0.00814496
internal_weight=679590 507920 171670 111007 337280 260176 79238 29581 60663 29468 81426 6900 74526 2413
internal_count=679590 507920 171670 111007 337280 260176 79238 29581 60663 29468 81426 6900 74526 2413
is_linear=0
shrinkage=0.05


Tree=22
num_leaves=15
num_cat=0
split_feature=15 8 0 3 14 16 0 11 5 14 0 4 16 3
split_gain=264.364 84.3276 119.045 64.0191 54.1903 58.517 50.094 48.2509 46.0883 70.5017 55.3269 50.2436 46.0848 41.3307
threshold=0.51010493739887219 0.72300947572741281 0.10830176810841118 0.20891542323864951 0.50058105772087635 0.92738432276005811 0.016982799952055618 0.90764751357074447 0.8964558331883975 0.5013986041343913 0.0092289947653269467 0.9976918630514291 0.84101973295521693 0.91533363551955327
decision_type=2 2 2 2 2 2 2 2 2 2 2 2 2 2
left_child=1 2 4 7 -1 6 -6 -3 -5 11 -11 -10 13 -4
right_child=-2 3 12 8 5 -7 -8 -9 9 10 -12 -13 -14 -15
leaf_value=0.015430963753338585 -0.00099331699032370775 0.001005608913037195 0.0014996540919606221 -0.0015705114147922272 0.0092329727632190616 -0.0024182416406676884 0.0035578099423081329 0.0071662289770662987 0.0035869824426794637 -0.035897722584556417 -0.0026256296705759337 0.025116980384503093 -0.00085994317326854941 -0.0015735551909221415
leaf_weight=999 333703 23765 162116 61081 4420 3625 32329 3669 8409 129 3974 280 29026 11732
leaf_count=999 333703 23765 162116 61081 4420 3625 32329 3669 8409 129 3974 280 29026 11732
internal_value=1.04473e-05 0.000979787 0.00148283 -0.00023302 0.00392719 0.00364254 0.00424039 0.00182953 -0.000998982 0.00173004 -0.00367172 0.00428078 0.000984336 0.00129226
internal_weight=679257 345554 244247 101307 41373 40374 36749 27434 73873 12792 4103 8689 202874 173848
internal_count=679257 345554 244247 101307 41373 40374 36749 27434 73873 12792 4103 8689 202874 173848
is_linear=0
shrinkage=0.05


Tree=23
num_leaves=15
num_cat=0
split_feature=1 8 11 2 13 14 0 10 14 5 0 0 5 3
split_gain=222.834 86.2675 74.1302 56.8257 56.5819 109.84 77.2926 54.0681 50.9693 64.277 57.0772 49.5859 48.5266 46.4944
threshold=0.32886405401086616 0.21085299665114135 0.96664247701983563 0.23454351618530725 0.25851548297834065 0.50065061836259217 0.02100255804615794 0.013121446553874644 0.50111982223292306 0.92728432282003725 0.0053633685809294793 0.052651101046384513 0.95506265209962204 0.66051234415346471
decision_type=2 2 2 2 2 2 2 2 2 2 2 2 2 2
left_child=1 -1 3 -2 5 12 -6 -5 9 -7 -10 -9 -3 -4
right_child=2 4 13 7 6 8 -8 11 10 -11 -12 -13 -14 -15
leaf_value=0.0033095571165249749 0.00016112786313221601 0.005469024324662012 0.0049241841669497542 -0.0064893043113295875 0.0063075597869264354 -0.00079964853367471957 0.0010331708271968908 0.012927952975810326 -0.025106296077771369 0.0073530122423254435 -0.0029185984826058733 -0.0010690794524084409 0.027302621872373947 -0.00082689962711720774
leaf_weight=42043 118358 4177 9473 4620 7353 19643 125483 634 294 2757 20551 318841 271 5587
leaf_count=42043 118358 4177 9473 4620 7353 19643 125483 634 294 2757 20551 318841 271 5587
internal_value=-2.78463e-05 0.00126977 -0.000659113 -0.000776534 0.000794728 -0.000682563 0.00132513 -0.00111896 -0.00145211 0.000203784 -0.00323154 -0.0010413 0.00679926 0.00279063
internal_weight=680085 222572 457513 442453 180529 47693 132836 324095 43245 22400 20845 319475 4448 15060
internal_count=680085 222572 457513 442453 180529 47693 132836 324095 43245 22400 20845 319475 4448 15060
is_linear=0
shrinkage=0.05


Tree=24
num_leaves=15
num_cat=0
split_feature=1 1 14 17 13 1 14 17 5 14 14 10 14 5
split_gain=216.728 72.6587 62.0985 67.8347 65.0882 65.3919 53.8526 61.1542 53.0935 51.4381 47.1006 45.7483 56.8819 46.5429
threshold=0.21869137906248579 0.62754138046409114 0.50058105772087635 0.39120185185185191 0.42040308660777748 0.028728129407880918 0.50087336311158304 0.39756919282106545 0.97803294509881344 0.50057142931778531 0.50057636906755121 0.25698812360823536 0.50150376279894371 0.27389120457100041
decision_type=2 2 2 2 2 2 2 2 2 2 2 2 2 2
left_child=2 -2 9 -4 6 -6 7 -5 -9 -1 -11 12 13 -3
right_child=1 11 3 4 5 -7 -8 8 -10 10 -12 -13 -14 -15
leaf_value=0.0042541915873986896 0.0001235676827216022 -0.0052905786605763963 -0.00032776413766503646 0.026802266156290801 0.007589847873182164 0.0026162204525486095 -0.00051873508667239169 0.0023206333401481799 0.023833534148690189 0.026045069643485599 0.0063461865715912615 -0.00063548118604385916 0.00037043660482831783 -0.0020042330225015417
leaf_weight=3232 278034 15190 35996 270 7494 55944 29540 13560 293 615 599 184790 16994 37057
leaf_count=3232 278034 15190 35996 270 7494 55944 29540 13560 293 615 599 184790 16994 37057
internal_value=3.52566e-05 -0.000434936 0.00173085 0.00155004 0.00218116 0.00320376 0.000695422 0.00323498 0.00277565 0.0075503 0.0163254 -0.00104621 -0.00214237 -0.00295969
internal_weight=679608 532065 147543 143097 107101 63438 43663 14123 13853 4446 1214 254031 69241 52247
internal_count=679608 532065 147543 143097 107101 63438 43663 14123 13853 4446 1214 254031 69241 52247
is_linear=0
shrinkage=0.05


Tree=25
num_leaves=15
num_cat=0
split_feature=0 14 17 14 0 9 13 1 14 15 17 6 5 8
split_gain=203.802 78.2124 78.8688 72.6361 70.1548 56.7064 68.8677 95.9848 91.7292 56.2571 56.2113 49.4365 48.5532 47.9432
threshold=0.26121910505627061 0.50058105772087635 0.39120185185185191 0.50057142931778531 0.044744905509274985 0.63944260355667915 0.25851548297834065 0.020554346434515428 0.50090497811672841 0.82227548719463373 0.37800711705742812 0.94685809540339616 0.0094996871540645924 0.91912489848010226
decision_type=2 2 2 2 2 2 2 2 2 2 2 2 2 2
left_child=1 3 10 -1 -5 6 8 13 12 -2 11 -3 -4 -8
right_child=9 2 5 4 -6 -7 7 -9 -10 -11 -12 -13 -14 -15
leaf_value=0.0039049785783104862 -0.00019906686636947662 0.00082873374322763613 -0.024950941853379288 0.041267742884660806 0.012013019728849217 0.00065966366611815142 0.012563533179832338 0.0031005936619827416 -0.0025732979957732386 -0.0014341855051932632 -0.0046181667789878481 -0.0055566684614783363 0.0055840948209944221 -0.016107675413858439
leaf_weight=3882 381487 33173 133 248 1180 52793 3578 53720 11510 121574 7096 3336 6151 152
leaf_count=3882 381487 33173 133 248 1180 52793 3578 53720 11510 121574 7096 3336 6151 152
internal_value=1.58172e-05 0.0014753 0.00129041 0.00745177 0.0170937 0.00191588 0.00279728 0.00363913 7.92757e-05 -0.000497556 -0.000546175 0.000245269 0.00493782 0.0113952
internal_weight=680013 176952 171642 5310 1428 128037 75244 57450 17794 503061 43605 36509 6284 3730
internal_count=680013 176952 171642 5310 1428 128037 75244 57450 17794 503061 43605 36509 6284 3730
is_linear=0
shrinkage=0.05


Tree=26
num_leaves=15
num_cat=0
split_feature=0 8 14 2 0 2 10 14 11 13 13 0 17 0
split_gain=192.579 91.0779 76.7733 65.8413 63.03 62.5303 63.9323 64.012 58.3341 52.8564 52.4693 46.6988 44.4931 39.2448
threshold=0.24164329080097829 0.7462787278183981 0.50124223794180478 0.94287918871252219 0.056786228920824092 0.22228556949195491 0.19850651945613892 0.50066006629418314 0.2060708435708436 0.09204694547614542 0.63493190836940838 0.0092289947653269467 0.721494503342066 0.0053633685809294793
decision_type=2 2 2 2 2 2 2 2 2 2 2 2 2 2
left_child=1 4 3 -3 9 -2 7 -7 -5 -1 11 -4 -8 -10
right_child=5 2 10 8 -6 6 12 -9 13 -11 -12 -13 -14 -15
leaf_value=-0.0033646208018942845 0.00051722386615343471 9.4497110956029263e-05 -0.017943320838369532 -0.0034013522621101043 0.00181143478652522 -0.0060642744431578409 -0.00070182524367132996 -0.00150877715315559 0.022470429566954071 0.0056443060917764605 0.0016030280091936387 -0.003597955810840252 0.00085182590720463104 0.0061182244827605427
leaf_weight=1780 132359 28389 592 1659 85763 8648 247312 71197 388 19084 5378 13604 56634 6753
leaf_count=1780 132359 28389 592 1659 85763 8648 247312 71197 388 19084 5378 13604 56634 6753
internal_value=5.36764e-05 0.00154971 -6.8235e-05 0.00126582 0.00241103 -0.000419902 -0.000743091 -0.00200218 0.00504455 0.00487571 -0.00260284 -0.00419618 -0.000412335 0.00700671
internal_weight=679540 163390 56763 37189 106627 516150 383791 79845 8800 20864 19574 14196 303946 7141
internal_count=679540 163390 56763 37189 106627 516150 383791 79845 8800 20864 19574 14196 303946 7141
is_linear=0
shrinkage=0.05


Tree=27
num_leaves=15
num_cat=0
split_feature=1 3 9 7 0 3 5 5 9 17 12 7 0 17
split_gain=154.05 75.9498 69.4892 71.416 65.2667 51.4792 47.2827 45.1531 44.5946 44.4598 43.875 41.594 41.4328 39.51
threshold=0.37162768693289344 0.93870349771350903 0.66322802350072063 0.020804309643561721 0.10068807701412454 0.78311171422912429 0.91189767752214568 0.96255678420969459 0.35204379997613083 0.4675733345658471 0.87159001509642586 0.57662132496255725 0.060624076676395348 0.39477582846003906
decision_type=2 2 2 2 2 2 2 2 2 2 2 2 2 2
left_child=1 2 3 -1 8 7 9 -2 -5 -4 -6 -8 -11 -3
right_child=5 13 6 4 10 -7 11 -9 -10 12 -12 -13 -14 -15
leaf_value=-0.0055465460322155474 -0.00044101010877268577 -0.0049722682527976788 -0.0013668324376704824 0.0059869675940323651 0.0016401636825653472 -0.0016927428103003116 0.0072031907834336209 0.0030380854761970222 0.0022540201044488179 0.0048481151712890524 -0.0031608963390430643 -0.00023510875969335842 0.00022956486069849679 -0.00023938448094292243
leaf_weight=3209 329072 7448 44298 14888 107990 89164 4117 9598 17294 5916 4978 3458 27100 10809
leaf_count=3209 329072 7448 44298 14888 107990 89164 4117 9598 17294 5916 4978 3458 27100 10809
internal_value=-4.65416e-05 0.000935483 0.00117857 0.00183139 0.0019945 -0.000623831 3.76638e-05 -0.000342412 0.00398095 -0.000331703 0.0014286 0.00380759 0.00105714 -0.00217018
internal_weight=679339 251505 233248 148359 145150 427834 84889 338670 32182 77314 112968 7575 33016 18257
internal_count=679339 251505 233248 148359 145150 427834 84889 338670 32182 77314 112968 7575 33016 18257
is_linear=0
shrinkage=0.05


Tree=28
num_leaves=15
num_cat=0
split_feature=1 8 1 14 5 17 17 8 4 2 3 9 5 10
split_gain=138.772 77.2817 73.8088 57.6799 71.8988 57.3454 80.4696 56.7343 48.3006 44.5226 41.2172 40.5925 39.5642 37.9114
threshold=0.52504196484986221 0.60884760602805732 0.072098845878388704 0.50162602055924543 0.88895245359776254 0.47944565356548458 0.84947188703874699 0.93098686843660083 0.14330714129809316 0.97015815908524217 0.28454728459733303 0.92747896669759622 0.98958875303503302 0.3362330306365805
decision_type=2 2 2 2 2 2 2 2 2 2 2 2 2 2
left_child=1 2 -1 4 5 -3 9 11 -6 -7 -11 -5 13 -2
right_child=12 3 -4 7 8 6 -8 -9 -10 10 -12 -13 -14 -15
leaf_value=0.0038085765846151438 -0.0015305984772647884 -0.0011170171530695756 0.00096587197416358203 -0.00048403077514764804 0.012286229239747586 0.0025846196731099127 -0.0021901718271649575 -0.0065620109111003706 0.0025465004339866528 0.025782306749908324 0.0031111385923709434 -0.0078419228702273861 0.0040481845514686067 -0.00038888101889330434
leaf_weight=26064 112021 61040 184264 23493 1386 24099 10844 5767 15601 405 397 2037 4283 207193
leaf_count=26064 112021 61040 184264 23493 1386 24099 10844 5767 15601 405 397 2037 4283 207193
internal_value=2.37842e-05 0.000705805 0.00131814 -0.000181989 0.000340922 -0.000185661 0.00140477 -0.0020829 0.00334118 0.00297031 0.0145598 -0.00107111 -0.000725491 -0.000789541
internal_weight=678894 355397 210328 145069 113772 96785 35745 31297 16987 24901 802 25530 323497 319214
internal_count=678894 355397 210328 145069 113772 96785 35745 31297 16987 24901 802 25530 323497 319214
is_linear=0
shrinkage=0.05


Tree=29
num_leaves=15
num_cat=0
split_feature=1 16 1 8 8 16 3 3 10 11 9 13 6 6
split_gain=130.571 79.3996 86.0942 59.9176 45.3546 47.3037 45.3776 45.0547 41.6605 38.4891 42.9006 40.5197 36.347 35.9429
threshold=0.62754138046409114 0.84101973295521693 0.028728129407880918 0.10043990634252063 0.98585511956152694 0.009265391219033605 0.063975405421858852 0.74740227355691868 0.3362330306365805 0.72286983473748245 0.57297886121415542 0.14394913141699778 0.97050338534000602 0.10308167141500477
decision_type=2 2 2 2 2 2 2 2 2 2 2 2 2 2
left_child=1 2 7 -4 8 -6 -7 -1 -2 11 -11 13 -3 -5
right_child=4 12 3 9 5 6 -8 -9 -10 10 -12 -13 -14 -15
leaf_value=0.0063047683484740774 -0.0018175260452215803 -0.00077155353750517656 0.0027048433422695401 -0.0069055644472465934 0.02712718426691978 0.014198593611541941 0.00041406860943029331 0.0002180723063076315 -0.00046672176864280513 0.0028165906104745519 0.00051572119896951373 0.00037854866561126406 -0.0076222774032212483 -0.001065462947741155
leaf_weight=10758 88113 67859 34009 3018 217 743 3039 4238 162064 32682 53297 196998 1993 20738
leaf_count=10758 88113 67859 34009 3018 217 743 3039 4238 162064 32682 53297 196998 1993 20738
internal_value=3.86528e-05 0.000574184 0.000876811 0.000713631 -0.000858035 0.00442473 0.00312213 0.00458462 -0.000942479 0.000492855 0.00139032 0.000143312 -0.000967017 -0.0018074
internal_weight=679766 425590 355738 340742 254176 3999 3782 14996 250177 306733 85979 220754 69852 23756
internal_count=679766 425590 355738 340742 254176 3999 3782 14996 250177 306733 85979 220754 69852 23756
is_linear=0
shrinkage=0.05


Tree=30
num_leaves=15
num_cat=0
split_feature=0 16 14 9 2 17 7 15 5 1 13 1 11 14
split_gain=106.784 76.7717 66.3155 63.8034 58.6559 48.7448 46.8694 47.5056 39.2896 41.1634 37.7232 35.1002 34.896 34.9357
threshold=0.25343138574158308 0.84101973295521693 0.50060315035104963 0.59629650796023304 0.2263997295802348 0.6996345547817947 0.067813033766916317 0.060163201455610542 0.66072751322751333 0.37535613691891856 0.34150344764699103 0.8454612994731866 0.96664247701983563 0.50138696522006787
decision_type=2 2 2 2 2 2 2 2 2 2 2 2 2 2
left_child=1 3 -3 6 11 -5 -1 10 9 -4 -8 -2 -6 -14
right_child=4 2 8 5 12 -7 7 -9 -10 -11 -12 -13 13 -15
leaf_value=-0.0018394322882718647 0.00096124223938525051 0.0091093287911450695 -0.0028359314015656807 -0.00040741514690005197 -0.00079184587938135789 0.0027934609810398928 0.0014672983486652092 0.0022222451027914588 3.3108500115657792e-05 -0.014024580834366912 0.0069513146002011059 -0.00097313345113354951 0.0035839005038828769 -0.0019708185040916118
leaf_weight=5607 103034 1516 13583 46955 361592 15929 4402 54663 16989 875 10902 30362 8983 4133
leaf_count=5607 103034 1516 13583 46955 361592 15929 4402 54663 16989 875 10902 30362 8983 4133
internal_value=-1.53515e-05 0.00106376 -0.00110487 0.00158005 -0.000379414 0.000403391 0.00255912 0.00291161 -0.00159727 -0.00351307 0.00537391 0.000520963 -0.000699949 0.00183355
internal_weight=679525 171421 32963 138458 508104 62884 75574 69967 31447 14458 15304 133396 374708 13116
internal_count=679525 171421 32963 138458 508104 62884 75574 69967 31447 14458 15304 133396 374708 13116
is_linear=0
shrinkage=0.05


Tree=31
num_leaves=15
num_cat=0
split_feature=0 8 0 5 17 17 16 7 4 7 0 0 16 17
split_gain=118.889 89.3235 67.9847 56.9488 59.2951 54.6581 50.2073 49.6867 45.3072 46.248 44.8535 42.8861 39.9516 38.0299
threshold=0.53692484430739473 0.72300947572741281 0.013063362856021435 0.88131590631590639 0.44320752221168908 0.91744152676137192 0.33778074469663261 0.14558174499248269 0.74253037066104233 0.0090991886073853306 0.040829770643435244 0.1434483309740171 0.0054520683675997042 0.309860052137439
decision_type=2 2 2 2 2 2 2 2 2 2 2 2 2 2
left_child=1 2 -1 4 -3 6 -6 -5 9 10 -4 -11 -9 -2
right_child=13 3 8 7 5 -7 -8 12 -10 11 -12 -13 -14 -15
leaf_value=0.0078556125886549266 -0.0025441468812085278 -0.0024810751792391692 -0.039667726451341319 0.0065195648730623588 0.0023000723897621147 -0.0049532925762826464 -0.00098951329421875897 0.025142717906614633 -9.8170719842034969e-05 0.0030299247068554841 -0.0055189417705682744 0.0011231536354762771 0.00035222560347050996 -0.00054095391257142007
leaf_weight=3728 25800 41508 107 4361 22316 4917 24153 164 63421 37120 949 143445 17994 290113
leaf_count=3728 25800 41508 107 4361 22316 4917 24153 164 63421 37120 949 143445 17994 290113
internal_value=5.24133e-06 0.000620955 0.00115432 -0.000528692 -0.00107554 5.98093e-05 0.000590258 0.00172713 0.00105236 0.00145413 -0.00897909 0.00151514 0.000576129 -0.000704551
internal_weight=680096 364183 248770 115413 92894 51386 46469 22519 245042 181621 1056 180565 18158 315913
internal_count=680096 364183 248770 115413 92894 51386 46469 22519 245042 181621 1056 180565 18158 315913
is_linear=0
shrinkage=0.05


Tree=32
num_leaves=15
num_cat=0
split_feature=1 16 10 3 14 17 6 14 9 16 11 9 14 14
split_gain=99.1408 58.5553 52.0988 46.6418 72.895 45.924 43.5541 50.9821 42.5989 41.7643 40.0768 37.8821 35.9899 35.7347
threshold=0.23055155299391614 0.38559568101734293 0.013121446553874644 0.72751683174026505 0.50058651046568603 0.43982150599797659 0.17286943060663909 0.50102354252573011 0.75818410808335257 0.020884699496586362 0.69946683783438113 0.25820634187639507 0.51052748226950362 0.50057636906755121
decision_type=2 2 2 2 2 2 2 2 2 2 2 2 2 2
left_child=1 5 9 6 8 -1 7 -4 -5 -2 13 -3 -7 -8
right_child=2 11 3 4 -6 12 10 -9 -10 -11 -12 -13 -14 -15
leaf_value=0.00032965234401713503 -0.027401314790106636 0.0022052969857943461 -0.0022189725651278374 0.0022490947386170977 -0.0012590962881738961 0.0031829751286006564 -0.0040846240144549193 0.00028088061034618359 0.012973288391875022 -0.0040725094031242191 0.0012224344627718077 -0.00018351551933659826 0.025051596127733805 5.0698982841249035e-05
leaf_weight=19292 198 21446 41372 3719 132829 41272 5360 40225 1233 6176 86692 73390 189 206038
leaf_count=19292 198 21446 41372 3719 132829 41272 5360 40225 1233 6176 86692 73390 189 206038
internal_value=2.48004e-05 0.00113304 -0.000304364 -0.000249023 -0.00103704 0.00234494 3.69323e-05 -0.000986616 0.00491932 -0.00479719 0.000317111 0.000356685 0.00328266 -5.41522e-05
internal_weight=679431 155589 523842 517468 137781 60753 379687 81597 4952 6374 298090 94836 41461 211398
internal_count=679431 155589 523842 517468 137781 60753 379687 81597 4952 6374 298090 94836 41461 211398
is_linear=0
shrinkage=0.05


Tree=33
num_leaves=15
num_cat=0
split_feature=15 3 5 15 17 8 5 14 17 14 16 5 8 14
split_gain=93.2765 65.8218 57.4372 54.3973 55.3433 52.5825 44.442 72.1576 51.3105 43.8979 43.7078 41.4353 41.3942 44.9537
threshold=0.4435690120736212 0.90341331217074172 0.98958875303503302 0.0090566089322087224 0.47050404131118101 0.29761285367424811 0.88131590631590639 0.50178253685815977 0.87404767874708289 0.50058651046568603 0.84899587387927744 0.96255678420969459 0.85242010514398459 0.50067888693882379
decision_type=2 2 2 2 2 2 2 2 2 2 2 2 2 2
left_child=1 3 10 4 -1 -5 12 8 -8 -3 -2 -11 -7 -14
right_child=2 9 -4 5 -6 6 7 -9 -10 11 -12 -13 13 -15
leaf_value=0.0015339386673121809 -0.00033708238890038265 0.0096140404091083591 0.004918461537276618 0.0019762958891367372 0.012810029340449676 0.00051913574626864703 0.0032200870656808192 -0.0032550532596774674 0.014153025636723228 -0.0023806238235481512 -0.0018776419837063408 0.0033637324797434962 0.0030511834898556741 -0.0022365197647432971
leaf_weight=2498 320397 875 4849 75003 1928 133993 16675 4356 1147 28105 53767 3534 4700 27761
leaf_count=2498 320397 875 4849 75003 1928 133993 16675 4356 1147 28105 53767 3534 4700 27761
internal_value=3.32653e-05 0.00069105 -0.000488389 0.00094874 0.00644589 0.000856452 0.000411184 0.00251373 0.00392372 -0.00143347 -0.000558459 -0.00173899 0.000131046 -0.00147092
internal_weight=679588 300575 379013 268061 4426 263635 188632 22178 17822 32514 374164 31639 166454 32461
internal_count=679588 300575 379013 268061 4426 263635 188632 22178 17822 32514 374164 31639 166454 32461
is_linear=0
shrinkage=0.05


Tree=34
num_leaves=15
num_cat=0
split_feature=0 3 14 8 5 14 5 8 0 6 8 1 14 2
split_gain=106.974 63.2327 89.0224 69.55 74.6029 61.2857 84.067 53.3351 47.8361 46.1263 46.8623 41.1699 38.1771 63.6839
threshold=0.60825476547126034 0.69215281153783836 0.50058105772087635 0.23472582541667447 0.89269896329394249 0.50099304963867597 0.99351070460019886 0.86027670686025226 0.13964325481179415 0.54589835603985559 0.95053549680231142 0.028728129407880918 0.50057142931778531 0.75340264698920423
decision_type=2 2 2 2 2 2 2 2 2 2 2 2 2 2
left_child=1 3 12 8 11 6 9 -7 -1 10 -6 -5 -3 -14
right_child=-2 2 -4 4 5 7 -8 -9 -10 -11 -12 -13 13 -15
leaf_value=0.0057173109386554205 -0.00075874254018188357 0.0038473010056833423 -0.0005974629158857198 0.0034968779955772142 0.008413904481471713 0.0032124442855016619 0.022563827272420491 -0.0038285118580785298 0.0018442992504872772 0.0037167078953811508 0.033229357866697354 6.4094836445144078e-05 0.0039077443524804687 0.02746178932004896
leaf_weight=9429 267415 2521 128254 9160 681 7980 720 4057 51615 8720 264 187931 619 535
leaf_count=9429 267415 2521 128254 9160 681 7980 720 4057 51615 8720 264 187931 619 535
internal_value=2.0185e-05 0.000525164 -0.000377605 0.000949682 0.000534537 0.00326738 0.00608166 0.000839331 0.00244253 0.00485381 0.0153465 0.000223637 0.00729524 0.0148275
internal_weight=679901 412486 131929 280557 219513 22422 10385 12037 61044 9665 945 197091 3675 1154
internal_count=679901 412486 131929 280557 219513 22422 10385 12037 61044 9665 945 197091 3675 1154
is_linear=0
shrinkage=0.05


Tree=35
num_leaves=15
num_cat=0
split_feature=0 8 17 5 14 14 17 6 5 14 2 4 14 14
split_gain=93.1284 62.0984 53.7549 79.8806 91.2927 52.8587 66.2391 49.263 49.5053 48.0183 47.2439 46.2268 61.3027 57.2733
threshold=0.53692484430739473 0.21085299665114135 0.39477582846003906 0.89269896329394249 0.5013986041343913 0.50055834885861161 0.14675349676470253 0.92656405724064028 0.98564857357119484 0.50053909624800641 0.78121131153235801 0.79395344730883488 0.50058105772087635 0.50056657387481329
decision_type=2 2 2 2 2 2 2 2 2 2 2 2 2 2
left_child=1 -1 5 -4 -5 6 9 8 -7 -3 -8 12 -2 -13
right_child=11 2 3 4 -6 7 10 -9 -10 -11 -12 13 -14 -15
leaf_value=0.0018124513371738913 -0.0049602786451581581 -0.028208142219828293 0.00018193370359005135 0.0051484508979153824 -0.0011241718343229221 -0.00083869245510780673 0.012473652605197123 -0.0045917784477031041 0.0094681711969535932 0.013790234356074016 0.048677342270669721 0.0087563339367816139 -0.00029687954582772633 -0.0021881739498637708
leaf_weight=68013 7253 126 192436 17868 8589 65907 228 9022 1186 148 149 1220 248315 59191
leaf_count=68013 7253 126 192436 17868 8589 65907 228 9022 1186 148 149 1220 248315 59191
internal_value=-9.53519e-05 0.000450208 0.000136839 0.000536096 0.00311211 -0.00100161 0.0131853 -0.00112295 -0.000656498 -0.00552289 0.0267823 -0.000723257 -0.000429226 -0.00196715
internal_weight=679651 363672 295659 218893 26457 76766 651 76115 67093 274 377 315979 255568 60411
internal_count=679651 363672 295659 218893 26457 76766 651 76115 67093 274 377 315979 255568 60411
is_linear=0
shrinkage=0.05


Tree=36
num_leaves=15
num_cat=0
split_feature=4 1 14 14 17 13 14 0 7 6 14 8 4 6
split_gain=72.7718 86.6994 80.5968 44.5248 67.2374 42.7773 63.7181 42.8018 52.675 40.6043 42.3504 44.1642 42.8054 39.8593
threshold=0.75807694219394606 0.23055155299391614 0.50057142931778531 0.50138696522006787 0.33346415489272635 0.12835399869481931 0.50067249526042357 0.016982799952055618 0.020804309643561721 0.22820274963132109 0.50110987928061113 0.98585511956152694 0.080654727738874235 0.056935097424333191
decision_type=2 2 2 2 2 2 2 2 2 2 2 2 2 2
left_child=1 5 -2 4 -4 6 -1 -7 -9 10 11 13 -13 -3
right_child=2 9 3 -5 -6 7 -8 8 -10 -11 -12 12 -14 -15
leaf_value=0.0082015010961655251 0.0064806246473138613 -0.0043988930180251882 -0.003007851329305962 -0.0023214141885604007 8.013088227017053e-05 0.0061015926714750096 -0.0024793816817322255 -0.0062708378684498802 0.0017772176636983907 0.00026922935949422747 0.00024522038293691177 0.017564464873583072 -0.0018172905325353828 -0.0012445530096797221
leaf_weight=1589 3607 12395 21913 49729 90146 5596 11516 2078 94132 283296 50734 582 558 52159
leaf_count=1589 3607 12395 21913 49729 90146 5596 11516 2078 94132 283296 50734 582 558 52159
internal_value=9.0436e-07 0.000294128 -0.000911476 -0.00107628 -0.00052372 0.00150452 -0.00118431 0.00185064 0.00160339 -5.38317e-05 -0.000839913 -0.00167794 0.00807761 -0.00185022
internal_weight=680030 514635 165395 161788 112059 114911 13105 101806 96210 399724 116428 65694 1140 64554
internal_count=680030 514635 165395 161788 112059 114911 13105 101806 96210 399724 116428 65694 1140 64554
is_linear=0
shrinkage=0.05


Tree=37
num_leaves=15
num_cat=0
split_feature=3 14 1 5 11 15 8 14 9 3 1 5 14 8
split_gain=79.8267 82.5989 75.819 71.6653 62.437 47.5078 55.0294 52.0763 45.9995 42.0494 40.4056 37.5402 35.621 35.5115
threshold=0.71973994148155207 0.50058651046568603 0.0090991886073853306 0.89269896329394249 0.69946683783438113 0.51404638283142967 0.32891748105880175 0.50057636906755121 0.56524858087455565 0.0054163870461438049 0.1195045252339316 0.013230013702603497 0.50110253717264264 0.99367588537604745
decision_type=2 2 2 2 2 2 2 2 2 2 2 2 2 2
left_child=2 8 -1 5 9 6 10 -7 -2 -5 -4 -3 13 -6
right_child=1 11 3 4 12 7 -8 -9 -10 -11 -12 -13 -14 -15
leaf_value=0.0075766413669100738 0.00079969502135432142 -0.0087140961948535961 0.0041859298446638733 0.024067851573878821 0.0064065136745232705 -0.0053221962665120507 4.5380934076303172e-05 -0.00031748840957609412 0.0092337776192625686 0.00057926348657262269 0.001159968945633072 -0.0010148697787093336 0.002053981417235872 0.026197558595866862
leaf_weight=3571 3545 1597 13527 192 8328 5326 149195 216009 2972 25054 59812 183541 6586 233
leaf_count=3571 3545 1597 13527 192 8328 5326 149195 216009 2972 25054 59812 183541 6586 233
internal_value=-2.19084e-05 -0.000886535 0.000317778 0.00026425 0.00228057 8.07612e-05 0.000596645 -0.000437917 0.00464596 0.000757898 0.00171809 -0.00108128 0.00481845 0.00694516
internal_weight=679488 191655 487833 484262 40393 443869 222534 221335 6517 25246 73339 185138 15147 8561
internal_count=679488 191655 487833 484262 40393 443869 222534 221335 6517 25246 73339 185138 15147 8561
is_linear=0
shrinkage=0.05


Tree=38
num_leaves=15
num_cat=0
split_feature=0 8 16 2 10 0 13 17 16 10 5 4 2 4
split_gain=72.3624 71.7851 53.6756 52.7158 52.9714 46.5719 50.0002 46.4357 32.9362 33.5165 32.7993 50.7329 31.9797 29.8251
threshold=0.16306107892332913 0.86027670686025226 0.009265391219033605 0.23848805433661033 0.26102616972715015 0.013063362856021435 0.021774241867710771 0.36936464271196701 0.9112614820979984 0.7143588243895308 0.8964558331883975 0.4066040962928123 0.85606768620787321 0.9976918630514291
decision_type=2 2 2 2 2 2 2 2 2 2 2 2 2 2
left_child=1 5 12 -2 7 6 -1 -5 9 -7 11 -4 -3 -9
right_child=3 2 10 4 -6 8 -8 13 -10 -11 -12 -13 -14 -15
leaf_value=-0.024204789435620919 0.00054614173716468855 -0.015431513829101432 -0.0001022466213232663 -0.0035662188861228686 -0.00020407042302934047 0.0026741785669862038 0.0073304246777794431 -0.0010425847028146258 -0.0014002264438946848 0.00033682719450787264 0.001650336776444988 -0.0052156454654011444 0.014478436185253457 0.012187062528731833
leaf_weight=129 149863 101 10131 21400 306375 47335 4907 91906 8379 22689 6106 9307 776 428
leaf_count=129 149863 101 10131 21400 306375 47335 4907 91906 8379 22689 6106 9307 776 428
internal_value=-3.24796e-05 0.00114251 -0.00112881 -0.000258954 -0.000546151 0.00186172 0.00652263 -0.00146764 0.00156234 0.00191684 -0.00154639 -0.00255056 0.0110338 -0.000981261
internal_weight=679832 109860 26421 569972 420109 83439 5036 113734 78403 70024 25544 19438 877 92334
internal_count=679832 109860 26421 569972 420109 83439 5036 113734 78403 70024 25544 19438 877 92334
is_linear=0
shrinkage=0.05


Tree=39
num_leaves=15
num_cat=0
split_feature=0 14 1 3 0 3 14 5 14 9 9 17 0 14
split_gain=83.8484 52.7189 48.889 46.6315 58.2418 44.5328 75.8281 44.9887 44.2382 42.7536 40.5469 40.7003 39.5402 38.1786
threshold=0.10830176810841118 0.50058105772087635 0.96324803540273884 0.70798544060238122 0.0053633685809294793 0.86080293040293054 0.50058651046568603 0.93915846862614938 0.50057142931778531 0.27382884500926863 0.57695074709463212 0.31739137889647134 0.044744905509274985 0.50104275400139187
decision_type=2 2 2 2 2 2 2 2 2 2 2 2 2 2
left_child=1 8 5 4 -3 7 10 -2 -1 -6 -7 -12 -10 -9
right_child=2 3 -4 -5 9 6 -8 13 12 -11 11 -13 -14 -15
leaf_value=0.0048913952675660533 -7.7398077613467428e-06 0.011495703453101261 -0.0022924079290390187 -0.00037501868330689627 0.0051520881401821862 0.0016023829421008074 -0.0014919434105361278 0.0043159879369765175 0.036336587540057232 0.0012199355555079369 -0.0040880153831343103 0.019061456644142764 0.010221119521476632 0.00014245750203997938
leaf_weight=1584 482050 1669 26039 24481 8572 1425 74231 11383 244 35713 240 909 357 10566
leaf_count=1584 482050 1669 26039 24481 8572 1425 74231 11383 244 35713 240 909 357 10566
internal_value=1.92676e-05 0.00162489 -0.000172875 0.00138762 0.00232662 -7.7851e-05 -0.00119939 9.30619e-05 0.0092737 0.00198106 0.00723743 0.0142261 0.0208237 0.0023069
internal_weight=679463 72620 606843 70435 45954 580804 76805 503999 2185 44285 2574 1149 601 21949
internal_count=679463 72620 606843 70435 45954 580804 76805 503999 2185 44285 2574 1149 601 21949
is_linear=0
shrinkage=0.05


Tree=40
num_leaves=15
num_cat=0
split_feature=3 5 4 1 8 17 15 17 17 1 6 5 17 3
split_gain=71.0602 56.4087 46.7808 46.1602 48.9935 45.9169 39.6613 35.3853 35.6056 34.8897 33.6506 32.5645 31.8478 44.6239
threshold=0.70006119951040402 0.79904684755617483 0.63926557567956854 0.45458841725382376 0.34069584036387651 0.92562354425465843 0.036683699119339865 0.36936464271196701 0.37056495413041379 0.02464427220406629 0.34812057323204532 0.98564857357119484 0.91744152676137192 0.016991877657211756
decision_type=2 2 2 2 2 2 2 2 2 2 2 2 2 2
left_child=1 3 -2 4 9 6 -3 -4 -9 -1 -8 -12 -6 -14
right_child=2 5 7 -5 12 -7 10 8 -10 -11 11 -13 13 -15
leaf_value=0.0079935839412727545 0.00014320576019060492 0.0071893231650792463 -0.0026532502637703374 -0.00039460141653894641 0.00031100000711541424 0.0076741309450513847 0.0087513749883642647 0.01083851537268506 -0.00091799971602270008 0.0016200475360338721 0.00065952023024506317 0.0050393768058706618 -0.015912314446665528 -0.0019022821770182359
leaf_weight=2231 81513 2769 38687 220985 109062 2952 1406 649 83960 57176 66326 4534 620 6825
leaf_count=2231 81513 2769 38687 220985 109062 2952 1406 649 83960 57176 66326 4534 620 6825
internal_value=-7.68954e-06 0.000328053 -0.000786168 8.64958e-05 0.000690855 0.00155741 0.00131677 -0.00140059 -0.00082782 0.0018594 0.00109175 0.000939767 9.50121e-05 -0.003069
internal_weight=679695 474886 204809 396899 175914 77987 75035 123296 84609 59407 72266 70860 116507 7445
internal_count=679695 474886 204809 396899 175914 77987 75035 123296 84609 59407 72266 70860 116507 7445
is_linear=0
shrinkage=0.05


Tree=41
num_leaves=15
num_cat=0
split_feature=3 0 14 5 14 13 17 3 6 16 17 3 10 14
split_gain=64.8718 64.6671 59.158 72.9868 58.8458 43.5437 42.5333 49.9764 41.072 44.5076 39.6602 38.5453 48.3368 44.5769
threshold=0.70006119951040402 0.1317309721929055 0.50069300102581449 0.95868357231993606 0.50058651046568603 0.12835399869481931 0.36848255213163411 0.92318737501803871 0.070737159979399791 0.2625803366224902 0.309860052137439 0.079661588102501721 0.76500972026316416 0.50097751804060675
decision_type=2 2 2 2 2 2 2 2 2 2 2 2 2 2
left_child=1 2 3 8 6 11 -2 -8 -1 -10 -3 12 13 -4
right_child=4 10 5 -5 -6 -7 7 -9 9 -11 -12 -13 -14 -15
leaf_value=-0.0073070683819616809 -0.0019040463103107827 -0.0019564165939340299 0.010377625548514039 0.024835818453810582 -0.0009363394780264561 0.0017932624125927407 0.0036304356990946524 0.015879610679488794 0.010973987057789207 0.0030244553110998699 0.00018856262936983221 -0.0045875074549764578 0.016360706313091784 -0.0075969423712420785
leaf_weight=683 2244 22795 539 463 197490 40530 3592 1084 2533 5775 394584 5386 537 958
leaf_count=683 2244 22795 539 463 197490 40530 3592 1084 2533 5775 394584 5386 537 958
internal_value=-3.28088e-05 0.000287822 0.00186129 0.00547616 -0.000777537 0.00114857 0.00375453 0.00647006 0.00447921 0.00544816 7.14154e-05 -0.0023729 0.00349133 -0.00112514
internal_weight=679193 474783 57404 9454 204410 47950 6920 4676 8991 8308 417379 7420 2034 1497
internal_count=679193 474783 57404 9454 204410 47950 6920 4676 8991 8308 417379 7420 2034 1497
is_linear=0
shrinkage=0.05


end of trees

feature_importances:
Column_14=88
Column_0=66
Column_1=52
Column_3=52
Column_8=46
Column_5=44
Column_17=43
Column_9=37
Column_15=32
Column_13=24
Column_10=20
Column_2=17
Column_4=17
Column_16=16
Column_6=15
Column_11=10
Column_7=8
Column_12=1

parameters:
[boosting: gbdt]
[objective: regression]
[metric: l2]
[tree_learner: serial]
[device_type: cpu]
[data_sample_strategy: bagging]
[data: ]
[valid: ]
[num_iterations: 42]
[learning_rate: 0.05]
[num_leaves: 15]
[num_threads: 6]
[seed: 0]
[deterministic: 0]
[force_col_wise: 0]
[force_row_wise: 0]
[histogram_pool_size: -1]
[max_depth: -1]
[min_data_in_leaf: 100]
[min_sum_hessian_in_leaf: 0.001]
[bagging_fraction: 0.8]
[pos_bagging_fraction: 1]
[neg_bagging_fraction: 1]
[bagging_freq: 1]
[bagging_seed: 7719]
[bagging_by_query: 0]
[feature_fraction: 0.8]
[feature_fraction_bynode: 1]
[feature_fraction_seed: 2437]
[extra_trees: 0]
[extra_seed: 11797]
[early_stopping_round: 0]
[early_stopping_min_delta: 0]
[first_metric_only: 0]
[max_delta_step: 0]
[lambda_l1: 0]
[lambda_l2: 0]
[linear_lambda: 0]
[min_gain_to_split: 0]
[drop_rate: 0.1]
[max_drop: 50]
[skip_drop: 0.5]
[xgboost_dart_mode: 0]
[uniform_drop: 0]
[drop_seed: 21238]
[top_rate: 0.2]
[other_rate: 0.1]
[min_data_per_group: 100]
[max_cat_threshold: 32]
[cat_l2: 10]
[cat_smooth: 10]
[max_cat_to_onehot: 4]
[top_k: 20]
[monotone_constraints: ]
[monotone_constraints_method: basic]
[monotone_penalty: 0]
[feature_contri: ]
[forcedsplits_filename: ]
[refit_decay_rate: 0.9]
[cegb_tradeoff: 1]
[cegb_penalty_split: 0]
[cegb_penalty_feature_lazy: ]
[cegb_penalty_feature_coupled: ]
[path_smooth: 0]
[interaction_constraints: ]
[verbosity: -1]
[saved_feature_importance_type: 0]
[use_quantized_grad: 0]
[num_grad_quant_bins: 4]
[quant_train_renew_leaf: 0]
[stochastic_rounding: 1]
[linear_tree: 0]
[max_bin: 255]
[max_bin_by_feature: ]
[min_data_in_bin: 3]
[bin_construct_sample_cnt: 200000]
[data_random_seed: 38]
[is_enable_sparse: 1]
[enable_bundle: 1]
[use_missing: 1]
[zero_as_missing: 0]
[feature_pre_filter: 1]
[pre_partition: 0]
[two_round: 0]
[header: 0]
[label_column: ]
[weight_column: ]
[group_column: ]
[ignore_column: ]
[categorical_feature: ]
[forcedbins_filename: ]
[precise_float_parser: 0]
[parser_config_file: ]
[objective_seed: 8855]
[num_class: 1]
[is_unbalance: 0]
[scale_pos_weight: 1]
[sigmoid: 1]
[boost_from_average: 1]
[reg_sqrt: 0]
[alpha: 0.9]
[fair_c: 1]
[poisson_max_delta_step: 0.7]
[tweedie_variance_power: 1.5]
[lambdarank_truncation_level: 30]
[lambdarank_norm: 1]
[label_gain: ]
[lambdarank_position_bias_regularization: 0]
[eval_at: ]
[multi_error_top_k: 1]
[auc_mu_weights: ]
[num_machines: 1]
[local_listen_port: 12400]
[time_out: 120]
[machine_list_filename: ]
[machines: ]
[gpu_platform_id: -1]
[gpu_device_id: -1]
[gpu_device_id_list: ]
[gpu_use_dp: 0]
[num_gpu: 1]

end of parameters

pandas_categorical:null
